
                     - 4- 6- 8-10-12-14-16-18-20-22-26-30-34-38-46-60-78-90-
        голый                   0/ 0   0/ 0   0/ 0   0/ 0   0/ 0 
 5мм ПСЦТ    35/2.0    6  8 11 13 16 19 21 24 26 29 34 39 45 50 60 78102117
 5мм ББ     -35/0.5    2  3  4  5  6  7  8  9 10 11 13 15 17 19 23 30 39 45
10мм ПСЦТ    25/2.0    6  9 12 15 18 21 24 27 30 33 39 45 51 57 69 90117135
10мм ББ     -25/0.5    2  3  4  5  6  7  8  9 10 11 13 15 17 19 23 30 39 45
.44  ПСЦТ    20/2.0    7 10 13 16 20 23 26 29 32 36 42 48 55 61 74 96125144
.44ЦМ=.223  -20/1.0    4  6  8 10 12 14 16 18 20 22 26 30 34 38 46 60 78 90
ББ=12к=.45    0/1.0    4  6  8 10 12 14 16 18 20 22 26 30 34 38 46 60 78 90
4.7мм б/г   -10/1.5    6  9 12 15 18 21 24 27 30 33 39 45 51 57 69 90117135
7.62мм      -10/1.0    4  6  8 10 12 14 16 18 20 22 26 30 34 38 46 60 78 90
2мм ЕС      -20/1.5    6  9 12 15 18 21 24 27 30 33 39 45 51 57 69 90117135
Иглы XH-43    0/1.0    4  6  8 10 12 14 16 18 20 22 26 30 34 38 46 60 78 90
Иг XH-43 ББ   0/2.0    8 12 16 20 24 28 32 36 40 44 52 60 68 76 92120156180
14мм ББ     -50/0.5    2  3  4  5  6  7  8  9 10 11 13 15 17 19 23 30 39 45
Лазер         0/1.0    4  6  8 10 12 14 16 18 20 22 26 30 34 38 46 60 78 90
Плазма        0/1.0    4  6  8 10 12 14 16 18 20 22 26 30 34 38 46 60 78 90
Топливо      25/1.0    3  5  6  8  9 11 12 14 15 17 20 23 26 29 35 45 59 68
Топливо-2     0/1.0    4  6  8 10 12 14 16 18 20 22 26 30 34 38 46 60 78 90
Ракета      -25/1.0    4  6  8 10 12 14 16 18 20 22 26 30 34 38 46 60 78 90
Ракета БП   -50/1.0    4  6  8 10 12 14 16 18 20 22 26 30 34 38 46 60 78 90
                     - 4- 6- 8-10-12-14-16-18-20-22-26-30-34-38-46-60-78-90-
        кожаная куртка          0/20   0/20   0/10   0/10   0/20 
 5мм ПСЦТ    35/2.0    4  6  8  9 11 13 15 17 18 20 24 27 31 35 42 54 71 81
 5мм ББ     -35/0.5    2  3  4  5  6  7  8  9 10 11 13 15 17 19 23 30 39 45
10мм ПСЦТ    25/2.0    5  7  9 11 14 16 18 20 22 25 29 33 38 42 51 66 86 99
10мм ББ     -25/0.5    2  3  4  5  6  7  8  9 10 11 13 15 17 19 23 30 39 45
.44  ПСЦТ    20/2.0    5  8 10 12 15 17 20 22 24 27 32 36 41 46 56 72 94108
.44ЦМ=.223  -20/1.0    4  6  8 10 12 14 16 18 20 22 26 30 34 38 46 60 78 90
ББ=12к=.45    0/1.0    4  5  7  8 10 12 13 15 16 18 21 24 28 31 37 48 63 72
4.7мм б/г   -10/1.5    6  9 11 14 17 19 22 25 27 30 36 41 46 52 63 81106122
7.62мм      -10/1.0    4  6  8  9 11 13 15 17 18 20 24 27 31 35 42 54 71 81
2мм ЕС      -20/1.5    6  9 12 15 18 21 24 27 30 33 39 45 51 57 69 90117135
Иглы XH-43    0/1.0    4  5  7  8 10 12 13 15 16 18 21 24 28 31 37 48 63 72
Иг XH-43 ББ   0/2.0    7 10 13 16 20 23 26 29 32 36 42 48 55 61 74 96125144
14мм ББ     -50/0.5    2  3  4  5  6  7  8  9 10 11 13 15 17 19 23 30 39 45
Лазер         0/1.0    4  5  7  8 10 12 13 15 16 18 21 24 28 31 37 48 63 72
Плазма        0/1.0    4  6  8  9 11 13 15 17 18 20 24 27 31 35 42 54 71 81
Топливо      25/1.0    3  4  6  7  8 10 11 12 13 15 17 20 23 25 30 39 51 59
Топливо-2     0/1.0    4  6  8  9 11 13 15 17 18 20 24 27 31 35 42 54 71 81
Ракета      -25/1.0    4  6  8 10 12 14 16 18 20 22 26 30 34 38 46 60 78 90
Ракета БП   -50/1.0    4  6  8 10 12 14 16 18 20 22 26 30 34 38 46 60 78 90
                     - 4- 6- 8-10-12-14-16-18-20-22-26-30-34-38-46-60-78-90-
        кожаная броня           2/25   0/20   0/20   0/10   0/20 
 5мм ПСЦТ    35/2.0    3  4  6  8  9 11 12 14 16 17 20 24 27 30 36 48 62 72
 5мм ББ     -35/0.5    .  1  2  3  4  5  6  7  8  9 11 13 15 17 21 28 37 43
10мм ПСЦТ    25/2.0    3  5  7  9 11 13 15 17 19 21 25 29 33 37 45 59 77 89
10мм ББ     -25/0.5    .  1  2  3  4  5  6  7  8  9 11 13 15 17 21 28 37 43
.44  ПСЦТ    20/2.0    4  6  8 10 13 15 17 19 21 24 28 32 37 41 50 65 85 98
.44ЦМ=.223  -20/1.0    2  4  6  8 10 12 14 16 18 19 23 27 31 35 42 56 73 84
ББ=12к=.45    0/1.0    2  3  5  6  8  9 11 12 14 15 18 21 24 27 33 44 57 66
4.7мм б/г   -10/1.5    4  6  9 12 14 17 19 22 24 27 32 37 42 47 57 75 98114
7.62мм      -10/1.0    2  4  6  7  9 11 12 14 16 17 21 24 28 31 38 50 65 75
2мм ЕС      -20/1.5    4  7 10 13 16 19 21 24 27 30 36 41 47 53 64 84110127
Иглы XH-43    0/1.0    3  5  6  8  9 11 12 14 15 17 20 23 26 29 35 45 59 68
Иг XH-43 ББ   0/2.0    6  9 12 15 18 21 24 27 30 33 39 45 51 57 69 90117135
14мм ББ     -50/0.5    .  1  2  3  4  5  6  7  8  9 11 13 15 17 21 28 37 43
Лазер         0/1.0    4  5  7  8 10 12 13 15 16 18 21 24 28 31 37 48 63 72
Плазма        0/1.0    4  6  8  9 11 13 15 17 18 20 24 27 31 35 42 54 71 81
Топливо      25/1.0    3  4  5  6  7  8  9 10 11 13 15 17 19 21 26 33 43 50
Топливо-2     0/1.0    4  5  7  8 10 12 13 15 16 18 21 24 28 31 37 48 63 72
Ракета      -25/1.0    4  6  8 10 12 14 16 18 20 22 26 30 34 38 46 60 78 90
Ракета БП   -50/1.0    4  6  8 10 12 14 16 18 20 22 26 30 34 38 46 60 78 90
                     - 4- 6- 8-10-12-14-16-18-20-22-26-30-34-38-46-60-78-90-
        боевая кожаная куртка   2/30   0/20   2/25   0/10   0/20 
 5мм ПСЦТ    35/2.0    3  4  5  7  8 10 11 12 14 15 18 21 24 26 32 42 54 63
 5мм ББ     -35/0.5    .  1  2  3  4  5  6  7  8  9 11 13 15 17 21 28 37 43
10мм ПСЦТ    25/2.0    3  5  7  9 10 12 14 16 18 19 23 27 30 34 41 54 70 81
10мм ББ     -25/0.5    .  1  2  3  4  5  6  7  8  9 11 13 15 17 20 27 36 41
.44  ПСЦТ    20/2.0    3  5  7  9 11 13 15 17 19 21 25 29 33 37 45 59 77 89
.44ЦМ=.223  -20/1.0    2  4  6  8  9 11 13 15 17 18 22 26 29 33 40 53 69 80
ББ=12к=.45    0/1.0    2  3  5  6  7  9 10 12 13 14 17 20 23 26 31 41 54 62
4.7мм б/г   -10/1.5    4  6  8 11 13 16 18 20 23 25 30 35 40 44 54 71 92107
7.62мм      -10/1.0    2  4  5  7  8 10 12 13 15 16 20 23 26 29 36 47 61 71
2мм ЕС      -20/1.5    4  7  9 12 15 18 20 23 26 28 34 39 45 50 61 80104120
Иглы XH-43    0/1.0    3  5  6  7  9 10 12 13 14 16 19 21 24 27 33 42 55 63
Иг XH-43 ББ   0/2.0    6  9 12 14 17 20 23 26 28 31 37 42 48 54 65 84110126
14мм ББ     -50/0.5    .  1  2  3  4  5  6  7  8  9 11 13 15 17 21 28 37 43
Лазер         0/1.0    4  5  7  8 10 12 13 15 16 18 21 24 28 31 37 48 63 72
Плазма        0/1.0    4  6  8  9 11 13 15 17 18 20 24 27 31 35 42 54 71 81
Топливо      25/1.0    1  2  3  4  5  6  7  8  9 10 12 14 16 18 22 29 38 44
Топливо-2     0/1.0    2  3  5  6  8  9 11 12 14 15 18 21 24 27 33 44 57 66
Ракета      -25/1.0    4  6  8 10 12 14 16 18 20 22 26 30 34 38 46 60 78 90
Ракета БП   -50/1.0    4  6  8 10 12 14 16 18 20 22 26 30 34 38 46 60 78 90
                     - 4- 6- 8-10-12-14-16-18-20-22-26-30-34-38-46-60-78-90-
        кожаная броня-2         3/25   1/20   1/25   1/10   1/25 
 5мм ПСЦТ    35/2.0    2  4  6  7  9 10 12 14 15 17 20 23 26 30 36 47 62 71
 5мм ББ     -35/0.5    .  .  1  2  3  4  5  6  7  8 10 12 14 16 20 27 36 42
10мм ПСЦТ    25/2.0    3  5  7  9 11 13 15 17 19 21 25 29 33 37 45 59 77 89
10мм ББ     -25/0.5    .  .  1  2  3  4  5  6  7  8 10 12 14 16 20 27 36 42
.44  ПСЦТ    20/2.0    3  5  8 10 12 14 16 19 21 23 27 32 36 41 49 65 85 98
.44ЦМ=.223  -20/1.0    1  3  5  7  9 11 13 15 17 19 22 26 30 34 41 55 72 83
ББ=12к=.45    0/1.0    1  3  4  6  7  9 10 12 13 15 18 21 24 27 33 43 57 66
4.7мм б/г   -10/1.5    3  6  8 11 13 16 18 21 23 26 31 36 41 46 57 74 97113
7.62мм      -10/1.0    1  3  5  6  8 10 12 13 15 17 20 23 27 30 37 49 64 74
2мм ЕС      -20/1.5    3  6  9 12 15 18 20 23 26 29 35 40 46 52 63 83109126
Иглы XH-43    0/1.0    3  5  6  8  9 11 12 14 15 17 20 23 26 29 35 45 59 68
Иг XH-43 ББ   0/2.0    6  9 12 15 18 21 24 27 30 33 39 45 51 57 69 90117135
14мм ББ     -50/0.5    .  .  1  2  3  4  5  6  7  8 10 12 14 16 20 27 36 42
Лазер         0/1.0    3  4  6  8  9 11 12 14 16 17 20 24 27 30 36 48 62 72
Плазма        0/1.0    3  5  7  9 10 12 14 16 18 19 23 27 30 34 41 54 70 81
Топливо      25/1.0    2  3  4  5  6  7  8  9 10 11 13 15 17 19 23 30 39 45
Топливо-2     0/1.0    3  4  6  7  9 10 12 13 15 16 19 22 25 28 34 45 58 67
Ракета      -25/1.0    3  5  7  9 11 13 15 17 19 21 25 29 33 37 45 59 77 89
Ракета БП   -50/1.0    3  5  7  9 11 13 15 17 19 21 25 29 33 37 45 59 77 89
                     - 4- 6- 8-10-12-14-16-18-20-22-26-30-34-38-46-60-78-90-
        тесла                   4/20  19/90   4/10  10/80   4/20 
 5мм ПСЦТ    35/2.0    2  4  6  8  9 11 13 15 17 18 22 26 29 33 40 53 69 80
 5мм ББ     -35/0.5    .  .  .  1  2  3  4  5  6  7  9 11 13 15 19 26 35 41
10мм ПСЦТ    25/2.0    3  5  7  9 11 14 16 18 20 22 27 31 36 40 49 64 84 97
10мм ББ     -25/0.5    .  .  .  1  2  3  4  5  6  7  9 11 13 15 19 26 35 41
.44  ПСЦТ    20/2.0    3  5  8 10 12 15 17 20 22 24 29 34 39 44 53 70 92106
.44ЦМ=.223  -20/1.0    .  2  4  6  8 10 12 14 16 18 22 26 30 34 42 56 74 86
ББ=12к=.45    0/1.0    .  2  4  5  7  8 10 12 13 15 18 21 24 28 34 45 60 69
4.7мм б/г   -10/1.5    2  5  8 10 13 16 18 21 24 27 32 37 43 48 59 78102118
7.62мм      -10/1.0    .  2  4  6  8  9 11 13 15 17 20 24 27 31 38 51 67 78
2мм ЕС      -20/1.5    2  5  8 11 14 17 20 23 26 29 35 41 47 53 65 86113131
Иглы XH-43    0/1.0    4  5  7  8 10 12 13 15 16 18 21 24 28 31 37 48 63 72
Иг XH-43 ББ   0/2.0    7 10 13 16 20 23 26 29 32 36 42 48 55 61 74 96125144
14мм ББ     -50/0.5    .  .  .  1  2  3  4  5  6  7  9 11 13 15 19 26 35 41
Лазер         0/1.0    .  .  .  .  .  .  .  .  1  1  1  2  2  2  3  5  6  8
Плазма        0/1.0    .  .  .  .  1  1  2  2  2  3  4  4  5  6  8 10 14 16
Топливо      25/1.0    .  2  3  4  6  7  8 10 11 12 15 17 20 23 28 37 49 56
Топливо-2     0/1.0    .  2  4  6  8  9 11 13 15 17 20 24 27 31 38 51 67 78
Ракета      -25/1.0    .  2  4  6  8 10 12 14 16 18 22 26 30 34 42 56 74 86
Ракета БП   -50/1.0    .  2  4  6  8 10 12 14 16 18 22 26 30 34 42 56 74 86
                     - 4- 6- 8-10-12-14-16-18-20-22-26-30-34-38-46-60-78-90-
        металлическая           4/30   6/75   4/10   4/20   4/25 
 5мм ПСЦТ    35/2.0    2  3  5  6  7  9 10 12 13 14 17 20 23 26 31 41 54 62
 5мм ББ     -35/0.5    .  .  .  1  2  3  4  5  6  7  9 11 13 15 19 26 35 41
10мм ПСЦТ    25/2.0    2  4  6  8  9 11 13 15 17 18 22 26 29 33 40 53 69 80
10мм ББ     -25/0.5    .  .  .  1  2  3  4  5  6  7  9 11 13 15 19 25 34 39
.44  ПСЦТ    20/2.0    2  4  6  8 10 12 14 16 18 20 24 28 32 36 44 58 76 88
.44ЦМ=.223  -20/1.0    .  2  4  6  8  9 11 13 15 17 20 24 27 31 38 51 67 78
ББ=12к=.45    0/1.0    .  2  3  5  6  7  9 10 12 13 16 19 21 24 30 40 52 61
4.7мм б/г   -10/1.5    2  4  7  9 12 14 16 19 21 24 28 33 38 43 52 69 91105
7.62мм      -10/1.0    .  2  4  5  7  8 10 12 13 15 18 21 24 28 34 45 60 69
2мм ЕС      -20/1.5    2  5  8 10 13 16 18 21 24 27 32 37 43 48 59 78102118
Иглы XH-43    0/1.0    3  5  6  7  9 10 12 13 14 16 19 21 24 27 33 42 55 63
Иг XH-43 ББ   0/2.0    6  9 12 14 17 20 23 26 28 31 37 42 48 54 65 84110126
14мм ББ     -50/0.5    .  .  .  1  2  3  4  5  6  7  9 11 13 15 19 26 35 41
Лазер         0/1.0    .  .  1  1  2  2  3  3  4  4  5  6  7  8 10 14 18 21
Плазма        0/1.0    .  2  4  5  7  8 10 12 13 15 18 21 24 28 34 45 60 69
Топливо      25/1.0    .  2  3  4  6  7  8 10 11 12 15 17 20 23 28 37 49 56
Топливо-2     0/1.0    .  2  4  6  8  9 11 13 15 17 20 24 27 31 38 51 67 78
Ракета      -25/1.0    .  2  4  6  8 10 12 14 16 18 22 26 30 34 42 56 74 86
Ракета БП   -50/1.0    .  2  4  6  8 10 12 14 16 18 22 26 30 34 42 56 74 86
                     - 4- 6- 8-10-12-14-16-18-20-22-26-30-34-38-46-60-78-90-
        металлическая-2         4/35   7/80   4/15   4/25   4/30 
 5мм ПСЦТ    35/2.0    2  3  4  5  6  8  9 10 11 12 15 17 20 22 27 35 46 53
 5мм ББ     -35/0.5    .  .  .  1  2  3  4  5  6  7  9 11 13 15 19 26 35 41
10мм ПСЦТ    25/2.0    2  4  5  7  8 10 12 13 15 16 20 23 26 29 36 47 61 71
10мм ББ     -25/0.5    .  .  .  1  2  3  4  5  6  7  9 10 12 14 18 24 32 37
.44  ПСЦТ    20/2.0    2  4  6  8  9 11 13 15 17 18 22 26 29 33 40 53 69 80
.44ЦМ=.223  -20/1.0    .  2  4  6  7  9 11 12 14 16 19 23 26 29 36 48 63 74
ББ=12к=.45    0/1.0    .  2  3  4  6  7  8 10 11 12 15 17 20 23 28 37 49 56
4.7мм б/г   -10/1.5    2  4  6  9 11 13 15 18 20 22 27 31 36 40 49 65 85 99
7.62мм      -10/1.0    .  2  3  5  6  8  9 11 12 14 17 20 23 26 32 42 56 65
2мм ЕС      -20/1.5    2  5  7 10 12 15 17 20 23 25 30 35 40 46 56 74 97112
Иглы XH-43    0/1.0    3  4  6  7  8 10 11 12 13 15 17 20 23 25 30 39 51 59
Иг XH-43 ББ   0/2.0    6  8 11 13 16 19 21 24 26 29 34 39 45 50 60 78102117
14мм ББ     -50/0.5    .  .  .  1  2  3  4  5  6  7  9 11 13 15 19 26 35 41
Лазер         0/1.0    .  .  1  1  1  2  2  3  3  3  4  5  6  7  8 11 15 17
Плазма        0/1.0    .  2  3  5  6  8  9 11 12 14 17 20 23 26 32 42 56 65
Топливо      25/1.0    .  2  3  4  5  6  8  9 10 11 14 16 18 21 26 34 45 52
Топливо-2     0/1.0    .  2  4  6  7  9 11 12 14 16 19 23 26 29 36 48 63 74
Ракета      -25/1.0    .  2  4  6  8 10 12 14 16 18 21 25 29 33 40 54 71 82
Ракета БП   -50/1.0    .  2  4  6  8 10 12 14 16 18 22 26 30 34 42 56 74 86
                     - 4- 6- 8-10-12-14-16-18-20-22-26-30-34-38-46-60-78-90-
        боевая броня            5/40   8/60   4/30   4/50   6/40 
 5мм ПСЦТ    35/2.0    1  2  3  4  5  6  7  8  9 10 12 14 16 18 22 29 38 44
 5мм ББ     -35/0.5    .  .  .  .  1  2  3  4  5  6  8 10 12 14 18 24 33 38
10мм ПСЦТ    25/2.0    2  3  4  6  7  9 10 11 13 14 17 20 23 25 31 41 53 62
10мм ББ     -25/0.5    .  .  .  .  1  2  3  4  5  6  7  9 11 12 16 22 29 34
.44  ПСЦТ    20/2.0    2  3  5  6  8 10 11 13 14 16 19 22 26 29 35 46 61 70
.44ЦМ=.223  -20/1.0    .  1  3  4  6  8  9 11 12 14 17 20 24 27 33 44 59 68
ББ=12к=.45    0/1.0    .  1  2  3  5  6  7  8  9 11 13 15 18 20 25 33 44 51
4.7мм б/г   -10/1.5    1  3  5  7 10 12 14 16 18 20 24 28 33 37 45 60 79 91
7.62мм      -10/1.0    .  1  3  4  5  7  8 10 11 12 15 18 21 24 29 39 52 60
2мм ЕС      -20/1.5    1  4  6  8 11 13 16 18 20 23 28 32 37 42 52 68 90104
Иглы XH-43    0/1.0    3  4  5  6  8  9 10 11 12 14 16 18 21 23 28 36 47 54
Иг XH-43 ББ   0/2.0    5  8 10 12 15 17 20 22 24 27 32 36 41 46 56 72 94108
14мм ББ     -50/0.5    .  .  .  .  1  2  3  4  5  6  8 10 12 14 18 25 34 40
Лазер         0/1.0    .  .  .  1  2  3  4  4  5  6  8  9 11 12 16 21 28 33
Плазма        0/1.0    .  1  2  3  4  5  6  7  8  9 11 13 15 17 21 28 37 43
Топливо      25/1.0    .  1  2  3  4  5  6  7  8  9 10 12 14 16 19 26 34 39
Топливо-2     0/1.0    .  2  3  5  6  7  9 10 12 13 16 19 21 24 30 40 52 61
Ракета      -25/1.0    .  .  2  4  6  7  9 11 12 14 17 21 24 28 34 46 62 72
Ракета БП   -50/1.0    .  .  2  4  6  8 10 12 14 16 20 24 28 32 40 54 72 84
                     - 4- 6- 8-10-12-14-16-18-20-22-26-30-34-38-46-60-78-90-
        боевая броня-2          6/40   9/65   5/35   5/50   9/45 
 5мм ПСЦТ    35/2.0    1  2  3  4  5  6  7  8  9 10 12 14 16 18 22 29 38 44
 5мм ББ     -35/0.5    .  .  .  .  .  1  2  3  4  5  7  9 11 13 17 23 32 38
10мм ПСЦТ    25/2.0    1  3  4  5  7  8 10 11 12 14 17 19 22 25 31 40 53 61
10мм ББ     -25/0.5    .  .  .  .  .  1  2  3  4  5  6  8 10 12 15 21 29 34
.44  ПСЦТ    20/2.0    1  3  4  6  8  9 11 12 14 16 19 22 25 28 35 46 60 70
.44ЦМ=.223  -20/1.0    .  .  2  4  5  7  8 10 12 13 16 20 23 26 32 44 58 68
ББ=12к=.45    0/1.0    .  .  2  3  4  5  6  8  9 10 12 15 17 20 24 33 44 51
4.7мм б/г   -10/1.5    .  3  5  7  9 11 13 15 17 19 24 28 32 36 45 59 78 91
7.62мм      -10/1.0    .  .  2  3  5  6  7  9 10 12 14 17 20 23 28 38 51 59
2мм ЕС      -20/1.5    .  3  5  8 10 12 15 17 20 22 27 32 36 41 51 68 89104
Иглы XH-43    0/1.0    3  4  5  6  8  9 10 11 12 14 16 18 21 23 28 36 47 54
Иг XH-43 ББ   0/2.0    5  8 10 12 15 17 20 22 24 27 32 36 41 46 56 72 94108
14мм ББ     -50/0.5    .  .  .  .  .  1  2  3  4  5  7  9 11 13 17 24 33 39
Лазер         0/1.0    .  .  .  1  2  2  3  4  4  5  6  8  9 11 13 18 25 29
Плазма        0/1.0    .  1  2  3  4  5  6  7  8  9 11 13 15 17 21 28 37 43
Топливо      25/1.0    .  1  2  2  3  4  5  6  6  7  9 10 12 14 17 22 30 34
Топливо-2     0/1.0    .  1  2  4  5  6  8  9 10 12 14 17 19 22 27 36 48 56
Ракета      -25/1.0    .  .  .  1  3  4  6  8  9 11 14 17 20 24 30 41 56 65
Ракета БП   -50/1.0    .  .  .  1  3  5  7  9 11 13 17 21 25 29 37 51 69 81
                     - 4- 6- 8-10-12-14-16-18-20-22-26-30-34-38-46-60-78-90-
        броня братства          8/40   8/70   7/50   7/60   8/40 
 5мм ПСЦТ    35/2.0    .  1  2  3  4  5  6  7  8  9 11 13 15 17 21 28 37 43
 5мм ББ     -35/0.5    .  .  .  .  .  .  .  1  2  3  5  7  9 11 15 21 30 36
10мм ПСЦТ    25/2.0    .  2  3  5  6  7  9 10 12 13 16 19 21 24 30 40 52 61
10мм ББ     -25/0.5    .  .  .  .  .  .  .  1  2  3  5  6  8 10 13 19 27 32
.44  ПСЦТ    20/2.0    .  2  4  5  7  8 10 12 13 15 18 21 24 28 34 45 60 69
.44ЦМ=.223  -20/1.0    .  .  .  2  4  5  7  8 10 12 15 18 21 24 31 42 56 66
ББ=12к=.45    0/1.0    .  .  .  2  3  4  5  6  8  9 11 14 16 18 23 32 42 50
4.7мм б/г   -10/1.5    .  1  3  5  7 10 12 14 16 18 22 26 31 35 43 58 77 89
7.62мм      -10/1.0    .  .  .  2  3  5  6  7  9 10 13 16 19 21 27 37 49 58
2мм ЕС      -20/1.5    .  1  4  6  8 11 13 16 18 20 25 30 35 40 49 66 88102
Иглы XH-43    0/1.0    3  4  5  6  8  9 10 11 12 14 16 18 21 23 28 36 47 54
Иг XH-43 ББ   0/2.0    5  8 10 12 15 17 20 22 24 27 32 36 41 46 56 72 94108
14мм ББ     -50/0.5    .  .  .  .  .  .  .  1  2  3  5  7  9 11 15 22 31 37
Лазер         0/1.0    .  .  .  1  2  2  3  3  4  5  6  7  8  9 12 16 21 25
Плазма        0/1.0    .  .  1  2  2  3  4  5  6  6  8 10 11 13 16 22 29 34
Топливо      25/1.0    .  .  1  1  2  2  3  3  4  4  5  6  7  8 10 14 18 21
Топливо-2     0/1.0    .  .  1  2  3  4  5  6  7  8 10 12 14 16 20 27 36 42
Ракета      -25/1.0    .  .  .  2  4  6  7  9 11 12 16 19 23 26 33 45 60 70
Ракета БП   -50/1.0    .  .  .  2  4  6  8 10 12 14 18 22 26 30 38 52 70 82
                     - 4- 6- 8-10-12-14-16-18-20-22-26-30-34-38-46-60-78-90-
        моторизированная       12/40  18/80  12/60  10/40  20/50 
 5мм ПСЦТ    35/2.0    .  .  1  2  3  4  5  6  7  8 10 12 14 16 20 27 36 42
 5мм ББ     -35/0.5    .  .  .  .  .  .  .  .  .  .  1  3  5  7 11 18 26 32
10мм ПСЦТ    25/2.0    .  .  2  3  5  6  7  9 10 12 14 17 20 23 28 38 51 59
10мм ББ     -25/0.5    .  .  .  .  .  .  .  .  .  .  1  3  5  6 10 16 23 29
.44  ПСЦТ    20/2.0    .  .  2  4  5  7  8 10 12 13 16 20 23 26 32 44 58 68
.44ЦМ=.223  -20/1.0    .  .  .  .  .  2  4  5  7  8 12 15 18 21 28 39 53 63
ББ=12к=.45    0/1.0    .  .  .  .  .  2  3  4  5  6  9 11 14 16 21 29 40 47
4.7мм б/г   -10/1.5    .  .  .  3  5  7  9 11 13 15 19 24 28 32 40 55 74 87
7.62мм      -10/1.0    .  .  .  .  .  2  3  5  6  7 10 13 16 19 24 34 47 55
2мм ЕС      -20/1.5    .  .  .  3  5  8 10 12 15 17 22 27 32 36 46 63 84 99
Иглы XH-43    0/1.0    3  4  5  6  8  9 10 11 12 14 16 18 21 23 28 36 47 54
Иг XH-43 ББ   0/2.0    5  8 10 12 15 17 20 22 24 27 32 36 41 46 56 72 94108
14мм ББ     -50/0.5    .  .  .  .  .  .  .  .  .  .  1  3  5  7 11 18 27 33
Лазер         0/1.0    .  .  .  .  .  .  .  .  1  1  2  3  4  4  6  9 12 15
Плазма        0/1.0    .  .  .  .  2  3  4  5  6  8 10 12 15 17 22 30 41 48
Топливо      25/1.0    .  .  .  .  .  1  1  1  2  2  3  3  4  4  6  8 10 12
Топливо-2     0/1.0    .  .  .  .  .  1  2  3  4  4  6  8  9 11 14 20 27 32
Ракета      -25/1.0    .  .  .  .  .  .  .  .  .  2  5  8 11 14 20 30 44 53
Ракета БП   -50/1.0    .  .  .  .  .  .  .  .  .  2  6 10 14 18 26 40 58 70
                     - 4- 6- 8-10-12-14-16-18-20-22-26-30-34-38-46-60-78-90-
        моторизированная-2     13/50  19/90  14/70  13/50  20/60 
 5мм ПСЦТ    35/2.0    .  .  1  2  2  3  3  4  5  5  6  8  9 10 12 17 22 26
 5мм ББ     -35/0.5    .  .  .  .  .  .  .  .  .  .  .  2  4  6  9 15 23 28
10мм ПСЦТ    25/2.0    .  .  1  2  3  4  5  6  7  8 10 12 14 16 20 27 36 42
10мм ББ     -25/0.5    .  .  .  .  .  .  .  .  .  .  .  2  3  5  8 13 20 24
.44  ПСЦТ    20/2.0    .  .  1  3  4  5  6  7  9 10 12 15 17 19 24 33 43 51
.44ЦМ=.223  -20/1.0    .  .  .  .  .  1  3  4  5  7 10 12 15 18 24 33 46 54
ББ=12к=.45    0/1.0    .  .  .  .  .  1  2  3  4  5  7  9 11 13 17 24 33 39
4.7мм б/г   -10/1.5    .  .  .  2  3  5  7  9 11 12 16 20 23 27 34 47 63 74
7.62мм      -10/1.0    .  .  .  .  .  1  2  3  5  6  8 11 13 15 20 29 39 47
2мм ЕС      -20/1.5    .  .  .  2  4  6  8 10 12 14 19 23 27 31 40 54 73 86
Иглы XH-43    0/1.0    2  3  4  5  6  7  8  9 10 11 13 15 17 19 23 30 39 45
Иг XH-43 ББ   0/2.0    4  6  8 10 12 14 16 18 20 22 26 30 34 38 46 60 78 90
14мм ББ     -50/0.5    .  .  .  .  .  .  .  .  .  .  .  2  4  6 10 17 26 32
Лазер         0/1.0    .  .  .  .  .  .  .  .  1  1  1  2  2  2  3  5  6  8
Плазма        0/1.0    .  .  .  .  .  1  2  3  4  5  7  9 11 13 17 24 33 39
Топливо      25/1.0    .  .  .  .  .  .  1  1  1  1  1  1  1  2  2  3  4  4
Топливо-2     0/1.0    .  .  .  .  .  .  1  2  2  3  4  5  6  8 10 14 20 23
Ракета      -25/1.0    .  .  .  .  .  .  .  .  .  2  4  7 10 12 17 26 38 46
Ракета БП   -50/1.0    .  .  .  .  .  .  .  .  .  2  6  9 13 17 24 36 53 63
                     - 4- 6- 8-10-12-14-16-18-20-22-26-30-34-38-46-60-78-90-
        АНКЛАВская             15/55  19/90  16/70  15/60  20/65 
 5мм ПСЦТ    35/2.0    .  .  1  1  1  2  2  3  3  3  4  5  6  7  8 11 15 17
 5мм ББ     -35/0.5    .  .  .  .  .  .  .  .  .  .  .  .  2  4  7 12 20 24
10мм ПСЦТ    25/2.0    .  .  1  1  2  3  4  5  5  6  8  9 11 13 16 21 29 33
10мм ББ     -25/0.5    .  .  .  .  .  .  .  .  .  .  .  .  2  3  6 11 17 21
.44  ПСЦТ    20/2.0    .  .  1  2  3  4  5  6  7  8 10 12 14 16 20 27 36 42
.44ЦМ=.223  -20/1.0    .  .  .  .  .  .  1  2  4  5  8 10 13 15 21 30 41 49
ББ=12к=.45    0/1.0    .  .  .  .  .  .  1  2  3  4  5  7  9 11 14 21 29 34
4.7мм б/г   -10/1.5    .  .  .  .  2  4  5  7  9 10 14 17 20 24 30 42 57 66
7.62мм      -10/1.0    .  .  .  .  .  .  1  2  3  4  7  9 11 13 18 25 35 42
2мм ЕС      -20/1.5    .  .  .  .  2  4  6  8 10 12 16 20 24 28 36 49 67 78
Иглы XH-43    0/1.0    2  3  4  5  6  7  8  9  9 10 12 14 16 18 21 27 36 41
Иг XH-43 ББ   0/2.0    4  6  8  9 11 13 15 17 18 20 24 27 31 35 42 54 71 81
14мм ББ     -50/0.5    .  .  .  .  .  .  .  .  .  .  .  .  2  4  8 15 23 29
Лазер         0/1.0    .  .  .  .  .  .  .  .  1  1  1  2  2  2  3  5  6  8
Плазма        0/1.0    .  .  .  .  .  .  1  2  2  3  5  6  8 10 13 18 26 30
Топливо      25/1.0    .  .  .  .  .  .  .  1  1  1  1  1  1  2  2  3  4  4
Топливо-2     0/1.0    .  .  .  .  .  .  .  1  2  2  3  5  6  7  9 14 19 23
Ракета      -25/1.0    .  .  .  .  .  .  .  .  .  2  4  6  9 11 16 24 35 42
Ракета БП   -50/1.0    .  .  .  .  .  .  .  .  .  2  6  9 12 16 23 34 50 60
                     - 4- 6- 8-10-12-14-16-18-20-22-26-30-34-38-46-60-78-90-
        АНКЛАВская-2           18/60  19/90  16/70  18/60  20/70 
 5мм ПСЦТ    35/2.0    .  .  .  1  1  1  1  1  2  2  2  3  3  3  4  6  7  9
 5мм ББ     -35/0.5    .  .  .  .  .  .  .  .  .  .  .  .  .  1  4  9 16 21
10мм ПСЦТ    25/2.0    .  .  .  1  1  2  3  3  4  4  6  7  8  9 12 16 21 25
10мм ББ     -25/0.5    .  .  .  .  .  .  .  .  .  .  .  .  .  1  4  8 14 18
.44  ПСЦТ    20/2.0    .  .  .  1  2  2  3  4  5  6  7  9 10 12 15 21 28 33
.44ЦМ=.223  -20/1.0    .  .  .  .  .  .  .  .  2  3  5  8 10 12 17 26 36 44
ББ=12к=.45    0/1.0    .  .  .  .  .  .  .  .  1  2  4  5  7  8 12 17 24 29
4.7мм б/г   -10/1.5    .  .  .  .  .  2  3  5  6  8 11 14 17 20 26 36 50 59
7.62мм      -10/1.0    .  .  .  .  .  .  .  .  1  2  4  6  8 10 14 21 30 36
2мм ЕС      -20/1.5    .  .  .  .  .  2  4  6  8  9 13 17 20 24 31 44 60 71
Иглы XH-43    0/1.0    2  3  4  4  5  6  7  8  8  9 11 12 14 16 19 24 32 36
Иг XH-43 ББ   0/2.0    4  5  7  8 10 12 13 15 16 18 21 24 28 31 37 48 63 72
14мм ББ     -50/0.5    .  .  .  .  .  .  .  .  .  .  .  .  .  1  5 11 19 25
Лазер         0/1.0    .  .  .  .  .  .  .  .  1  1  1  2  2  2  3  5  6  8
Плазма        0/1.0    .  .  .  .  .  .  .  .  1  2  4  5  7  8 12 17 24 29
Топливо      25/1.0    .  .  .  .  .  .  .  1  1  1  1  1  1  2  2  3  4  4
Топливо-2     0/1.0    .  .  .  .  .  .  .  1  2  2  3  5  6  7  9 14 19 23
Ракета      -25/1.0    .  .  .  .  .  .  .  .  .  2  4  6  8 10 15 22 32 39
Ракета БП   -50/1.0    .  .  .  .  .  .  .  .  .  2  5  8 12 15 21 32 47 56
